# Created by Octave 9.2.0, Mon Apr 07 17:43:04 2025 GMT <unknown@DESKTOP-6583E93>
# name: A
# type: matrix
# rows: 2
# columns: 2
 1.7500000000000002 0.4330127018922193
 0.4330127018922193 1.25


# name: B
# type: matrix
# rows: 2
# columns: 2
 0.50000000000000022 0.86602540378443882
 0.86602540378443882 1.4999999999999998


# name: C
# type: matrix
# rows: 2
# columns: 2
 0.50000000000000033 1.5
 1.5 0.49999999999999972


